SAVEWORLD = "JKBRS20"
SAVEWORLDID = "0857KK1"

ssp_seed = {3567, 13, 57, 17, 381, 381, 21, 101, 379, 117, 27, 23, 581, 194, 104, 191, 376, 1307, 697, 880, 167, 1323, 165, 3783, 369, 25, 
171, 53, 179, 29, 249, 177, 1325, 337, 189, 169, 55, 223, 175, 885, 119, 3573, 199, 681, 655, 107, 163, 31, 671, 889, 887, 193, 127, 1433, 
173, 7631, 413, 3571, 3569, 2809, 9393, 225, 111, 109, 201, 59, 607, 285, 2029, 2013, 2015, 1611, 995, 997, 963, 963, 219, 197, 2023, 2021,
9331, 1305, 823, 1039, 231, 487, 483, 2019, 427, 1757, 2009, 281, 781, 329, 459, 1041, 421, 2787, 2789, 1043, 2797, 181, 613, 65, 4983, 283,
553, 425, 4635, 987, 627, 2017, 989, 61, 4639, 973, 3523, 3523, 331, 265, 859, 433, 253, 339, 1105, 439, 4567, 333, 677, 5673, 1427, 5603,
183, 10533, 5731, 7223, 10833, 6035, 6813, 1113, 1047, 653, 2811, 4703, 1429, 847, 665}

while true do
getBot():use(5706)
sleep(250)
for i, userz in ipairs(ssp_seed) do
    if getBot():getInventory():getItemCount(ssp_seed[i]) >= 195 do
getBot():warp("SAVEWORLD","SAVEWORLDID")
sleep(3500)
getBot():drop(ssp_seed[i],getBot():getInventory():getItemCount(ssp_seed[i]) else
    sleep(100)
end
